0 0.8899056536691461 0.5564463417338217 0.19013691818411543 0.09171584308955402
0 0.8893493756933276 0.46818327245198094 0.19606866943775678 0.08081470452587265
0 0.8878527233443296 0.38539349834968 0.1883016335443795 0.08233175273047451
0 0.8982112133151998 0.29784804655428193 0.1883016335443795 0.08233175273047451
0 0.9030554891794473 0.2118969110156625 0.18388691818411546 0.09167948165323558
0 0.9002463894168742 0.12052247727244114 0.18664820533113408 0.07919766237139489
0 0.9003577011744991 0.03867940271653825 0.19923913354437914 0.0773588054330765
0 0.7089059870678763 0.03883718179831375 0.18347774122451135 0.07761698165323565
0 0.7040844432569401 0.12400706733693316 0.1929436694377568 0.08079652380771334
0 0.40481891448969887 0.34211775966436153 0.7341837495377815 0.3198429266129426
0 0.6648374575092122 0.5600991034412867 0.1976766335443795 0.08238629488495217
0 0.38575639660951716 0.8093370759211401 0.764371354710631 0.3372031434354554