0 0.5459000974088027 0.8800875287454442 0.09389782467404081 0.1917209272121397
0 0.4576733944867035 0.8810742940469252 0.08306941882984216 0.19746150496239884
0 0.37492907833407935 0.8810250982235356 0.08449555113509052 0.18972177956950453
0 0.2872927106393276 0.8929129762214636 0.08449555113509052 0.1897217795695049
0 0.20131430033090214 0.8992593296122859 0.0937887305182394 0.1854709272121397
0 0.11000350771722833 0.8980478941279785 0.0813432775961401 0.1880137303552928
0 0.03400632548976262 0.8996339729116947 0.06801265097952525 0.20065927956950488
0 0.0352180209030951 0.7081549483045888 0.0704360418061902 0.18481595574818713
0 0.11577008685549599 0.7018449822173197 0.08301487175194149 0.19433650496239885
0 0.33729012540868475 0.39879694913315844 0.32827992207295775 0.7397004706353832
0 0.5521712370176518 0.6549783668347855 0.08465919236879245 0.19909677956950453
0 0.8045730827950109 0.37831322498086395 0.34442311931301434 0.7566264499617279