0 0.56171875 0.09375 0.09140625 0.1875
0 0.4734375 0.096875 0.0796875 0.19296875
0 0.390625 0.10078125 0.08046875 0.1859375
0 0.303125 0.09296875 0.08125 0.1859375
0 0.2171875 0.090625 0.090625 0.18125
0 0.12578125 0.09609375 0.07734375 0.184375
0 0.04140625 0.0984375 0.08203125 0.19609375
0 0.04296875 0.28984375 0.0765625 0.18203125
0 0.128125 0.2921875 0.0796875 0.18984375
0 0.34453125 0.58515625 0.31640625 0.725
0 0.5640625 0.31875 0.08203125 0.1953125
0 0.81171875 0.590625 0.33203125 0.7546875